INDEX

ΤΟ THE NOTES.

A. 4651, 523.

465151, 229.
Ab (5651), 317. 46515515, 384.
3331563ιὲ 333, 449. 4615111511, 145, 645.

Adversarius, 424.
Abi, 695.

46151151, 480.
4111111153, 22, 37,11.1, 116,

4611551151, 326.
3364 333, 254, 270, 275, 4651151111, 313.

46511511, 345, 530.
4111511515, 489. 46111155, 333, 387.
4155151111, 449. 4565351, 593.
Abolla, 633.

45651, 430.

4111511515, 483.
41556115, 511.
45, 329, 432.
45111111, 162.
Acceptum 1515115, 677.
4555111511, 267, 670.
4555111115, 258, 312, 357,

468, 512, 535, 574.
4551151, 661.
Acetum, 410.
451111151, 305.
45155551, 61.
4513155151, 453.
451555115515, 16.
Actiaci Ludi. 51.
Actium, 83, 269, 205.
·-—, Apollo of, 265.
Actora, 636, 713.
Acumen, 433, 635.
Auula belli, 230.
455151 morbus, 476.
46 5151511, 598.
46 Novae, 382.
466515, 150, 684
46615515, 513.
46655511. 575.
465115, 421.
4611555151 1551, 247. 35,
46]·55111551115512, 314, 431151515151, 693.

492, 523. Agrippa, 340, 430, 704, 705.
46 35551111, 713. 411, 649.
Adjutor, 421. Aiunt, 454.
465111111, 577. 4111111551, 615, 630.
4615111515 155151, 480. Album J 11615551, 373.

4651515551, 12. 4115551, 859. .

Aedituus, 676.
Aelius (111151, 66, 76, 117.
Aemilia, 394.
435551, 147, 477, 553.
Aeolus, 14.
4511511151, 659.
Aeque 51, 203.

—-· (1515561550.
4511, 399.

45111 5, 372.

451 155551, 683.
- 1115311551,683.
45155113151, 350.
4511115151, 53.

451151, 561.

Aetas, 651.
451515115, 253.
45151118.

451515, 15, 567.
4111111, 465.
41113515, 455.
4111551, 4.

43115, 543.

4351, 595.

Agere, 328, 507, 594.

41515111, 37, 71, 300.
4151515, 707.
4151, 201.
Alex, 498.
Alexander, 133, 302, 657.
4151156111, 202.
41151, 480, 677.
41153513, 37.
4051515513θὸ
411551, 150, 236, 263.
4115 8515111, 413.
41111, 49.
Al—w, 3355155311, 658. .
4111151, 589.
41151174, 233.
41515551, 186, 196.
41511, 394.
Amalthea, 162.
451151, 112.
451115, 57.
-Β-Ίῖ- (15 be 15511181,
4151151, 551.
4511111351, 503.
41511115, 366, 396, 434.
4511115151, 81.
4151511115, 337.
Ambulare, 369.
415115 animo 6115, 237.
4511111, 276.
Amoenus, 625.
41551, 349.
Amphiaraus, 181.
Am phora, 29, 92, 185, 541,
691, 702.
Amplius, 330.
Ampulla, 567, ⁷00.
Amp yntee, 296.
4151111181.
45, 330.
45151555, 45.
4551111, 154.
Ancilla, 247.
Ι453511, 116.
451151, 178.

15155551

35

 

