ΤΟ THE NOTES. 757 “

Declemetion, 660. 1111666616, 464, 672. Duplex 11166, 468.
1166666666, 666. Diffusus, (1616666, 262. Dure, 664.
Dedere, 156. Digentia, 182, 626. 116161, 111, 196, 696.
1161116116, 69. Dignus, 196, 666. Dux, 144.
Deducere, 469, 476, 676, -,61111 66 6661616662. 1166116, 661.

710. 2131666166, 116, 142166,
Between& 42⁷. 716. 266.
1111163116, 466.1111Ι61611,669.
1161111116. 426. -· 116361, 609. R
Defundere, 464. 11116 psus, 262.
Deiotarus, 266. 2111166466. 2, 16 composition, 21.
1161661111, 627. Diludium, 649. 26316, 226.
1161616161, 669. Diminutives, 687. 261-1163,462.
116166116, 169. 1116111611, 692. Rertheuwere, 404. ’
Deliberatur, 64. 1116661, 687. 2661, trado 61 116, 667, 677.
Delirare, 610. 1116 36616, 662. Ebrius, 89.
Delitigere, 707. Dionysio, 646. Ebur, 676.
Delubrum, 168. Dionysus, 64. Echinus, 406, 542.
Demissus, 662. 116666111464 127. 2611666, 50.
Democritus, 677. Dicte, 29. Ecphnntidee, 721.
26661616, dimovere, 4, 261. 11161666619. Ecquid, 642.
116661161,629. Dirce, 290. Edicere, 646.
Denuture, 163. Dirus, 111, 229. Edictum, 259, 453.
Denique, 666. Discere, 161. 2616, 279.
1116616616, 515. Discolor, 667. Edormire, 468.
11661616, 65. 1111666166111,667. 2116661166 ο1 Romen boys.
Deprensus, 122. 1111616161, 115. 696, 699, 660, 726.
Deripere, diripere, 155. Discriptus, 115, 707. Egerio. 660.
Derisor, 667, 728. 1111661, 460. 2331, 647, 466, 492.
Descendcre, 192, 697. 11111166, nomes 61, 449. 216, 627
Desertor, 664 Dispur, 298. Elaborere,198.
1166136611, 674 2116136616, 674, 687. &emm
Designetor, 667. 1111116616, (16116616, 261. 616, white, 675.
Destinere, 471. 2111116161, 167. Eliminere, 676.
2661663616, distringere, Diversoriuur, 676. 2116166219.

167. Dividere enrmiuu, 41. Elmo, 81.. 14.

111161616, 466. Dividuus, 684. Elndere, 632.
2616116161, 6. Divinus, 266, 717. 216161, 492.
11116166ιὶ66, 620. Divus, 140, 709. Elysium, 116, 117. .
Devius, 110. Docere, 161, 706, 721. Emancipato, 296.
Dexter, 207. 1166111, 264 26166111, 664

Dextro tempore, 440. Doctus, 6, 666, 668. 2611616, 678.

111 und de confouuded, 4, 60, 11631, 1161616361, 664. 2616616, 666.

116, 137, 155, 165, 261, -, 1111611, 624. 26111111, 20.

262, 622, 466, 442, 466, Dolore, 678. 26661161, 666, 718.

672, 687, 600, 612. 1161616, 229. 26 636, 627.
1116616169, 194. 116161, 400. 2661666116, 196.
1116116, 617. --, 661611161666, 16. Enim, 664.

Dice-box, 627. Domino, 112. Euisus, 144.
Dicere, 101. 116661, 67. 266161, 269.
11111616, 666, 466, 470, 666, -, dative 61, 699. Ephippium, 618.

668, 668. Dos, 199, 945. Epicureenism,11,45 182, 490.
Didere, 464. 11166166, 629, 662. 26111611, 8, 168, 142, 264.
11166 frangere, 100. 1116361, 629. Ep pulum, 471.

11166, 42, 604. Dropsy, cure for, 666. Eques, 286, 674
-—· Jovis, 487. Druids, 256. Equestrian fortune, 726.
11161, nefasti, 114. .. Dryade, 206. Rq 61 ‘albi 408.

Diespiter, 76, 142. Dubius, 467. 26611616, 229.

Differre, 299. 718. Ducere, 146, 147, 226, 264, Equites, 529, 666.
1111161161, 676. 686. 667, 460, 621, 652, 666. -1661611161111696
1111666116, 446. 1161116, 625, 708. —peditesqne 706.
1114163616, 79, 214 1166 (16111116),667. 211611, 221.

 

